year,month,day,initial_AC_performance_HSAT,AC_PR_FT,Wspd [m/s],Tamb [°C],G-POA- FT-25,HSAT_Tmod [°C]
2020,1,1,0.91792814458815,0.963419758932204,3.650000008192308,8.557179487115386,64.125641025,9.2053846155
2020,1,2,0.8827413556134643,0.919846882978099,2.9461538379230774,5.451794871807692,37.77435897257693,6.3064102564615405
2020,1,3,0.8680755274467293,0.9059913461646099,3.142307686076924,9.210000000076924,15.312820512961538,9.654615384615385
2020,1,4,0.805146046093764,0.78986112954443,2.9192307774615385,7.07871794873077,175.64871794626924,8.070000000115385
2020,1,5,0.9550374728210459,1.0030543396906357,2.2777777688518523,6.3464197531851845,58.5185185184074,6.99135802477778
2020,1,6,0.8635889932146208,0.8858319370444779,2.018518505296296,9.70444444462963,17.523456789481482,10.28765432159259
2020,1,7,0.9080075182750316,0.9375902176430665,2.366666648111112,9.100246913481481,31.244444443925925,9.878518518185187
2020,1,8,0.888579293025568,0.9113604946050186,3.1740740714444438,12.243703704074077,40.35802468985185,12.782962963333333
2020,1,9,0.8362282585917545,0.8726555677003973,2.4037037205185183,8.03037037040741,11.945679011259259,8.19925925925926
2020,1,10,0.8675782071401832,0.8846666605687493,1.0666666582592592,9.340000000074076,17.879012345148148,9.836543209666669
2020,1,11,0.9324055564174927,0.9216793275253309,4.003571416678572,7.939523809535715,47.50238095250001,8.457380952357141
2020,1,12,0.9049111633321021,0.9296553922570637,3.240476172071428,9.603571428499999,21.140476190321433,9.940000000357143
2020,1,13,0.9205174684653212,0.9117621908079113,2.200000005142857,8.556428571392857,57.714285711892856,8.64738095235714
2020,1,14,0.8704505400453796,0.8490993682364223,4.388095262821429,10.704761904642856,84.26428572064286,11.522142856357144
2020,1,15,0.854840205744415,0.8706102584336161,5.437931044344828,14.246436781034483,19.956321838068963,14.607586206206895
2020,1,16,0.9303987885501029,0.8748405728160077,3.0041666576666657,10.908055555125001,175.60555555541666,12.44805555554167
2020,1,21,0.788868848497221,0.8093116363964821,4.8799999952,10.498666668,17.4933333334,11.077333334
2020,1,22,0.8776988824019156,0.7487528235334429,1.2344827569655172,9.513563218931036,347.6137931,12.57931034503448
2020,1,23,0.9037635020238113,0.9114115851178007,2.8333333373,8.532666666700003,28.657777777666674,9.0457777778
2020,1,24,0.9420810861631003,0.9497038100500748,2.9999999801666664,9.860666667233334,53.52444444066666,10.748666667066667
2020,1,25,0.9207582073356697,0.8734475007198771,2.048387087225806,9.49548387096774,168.26236559225808,10.984086021290326
2020,1,26,0.9182294282688664,0.9292624554213726,2.361290322193548,7.850107526870967,48.39569892464515,8.888172043064515
2020,1,27,0.9093353550233032,0.912556289333082,3.151612874,8.152688172129032,22.591397848806444,8.749032258258065
2020,1,28,0.9291984705589306,0.9192498599182772,2.29354837632258,8.927526881709676,43.8752688164516,9.70107526916129
2020,1,29,0.9499515399872387,0.8851223790277496,2.822580622032258,8.18838709667742,139.56559139322582,9.407526881774194
2020,1,30,0.9231497783657735,0.9167419432024327,2.983870963935485,10.61118279583871,67.97849462622578,11.635913978290322
2020,1,31,0.9465454111925009,0.9566255271351158,3.6125000044687505,10.720625000312502,61.67499999937502,11.579791666468749
2020,2,1,0.9121670418305052,0.9133830349720307,3.156249985125,12.703124999687503,48.687500001875,13.448333333124998
2020,2,2,0.9135375459835499,0.8189166599300817,3.2437499909999996,8.958541666593751,261.17083333499994,10.805208333781254
2020,2,3,0.9644019126247888,0.9265073480941727,1.3121212106969695,7.929090909060607,66.93939393878789,8.936363636212121
2020,2,4,0.9381603159793572,0.9018557363367865,2.445454561303031,7.176565656666666,55.95353535436366,7.799595959606064
2020,2,5,0.9318270430031169,0.8453912992362927,3.266666656181819,7.841818181818181,381.6282828345454,11.286666666878785
2020,2,6,0.9126099420971732,0.8954752197301452,2.781818154212121,10.338585859,225.55555555887878,15.11555555575758
2020,2,7,0.936093858481612,0.934958492445348,1.555555557777778,7.933086419777776,36.60246913581481,8.792839506259257
2020,2,10,0.8764640026840702,0.9645920674919181,4.4666665991666665,8.635555555666668,22.855555555,8.166666666666666
2020,2,11,0.8984237458655547,0.922853452833594,4.511111100472223,7.6972222222777775,113.2762373450278,8.360925925638888
2020,2,12,0.9906164162588664,0.9934336627324996,4.634285725857143,7.801333333285715,79.56190476057142,8.506666666685716
2020,2,13,0.9529748270806824,0.9015450455013432,2.477142860257143,8.253714285685712,350.020952378,12.094285713885714
2020,2,14,0.9621799997620712,0.9237722975442976,0.530555560388889,8.535370370555556,311.8296296305554,14.354629629611107
2020,2,15,0.9403714821077233,0.9457383226385996,3.66111112961111,9.34919540237931,50.43812423558333,10.554482758310346
2020,2,16,,,6.597222209083332,,48.78908864138891,
2020,2,17,0.9516946558832969,0.9459137174165502,5.433333290944444,10.670555556111111,154.15925926277777,12.052592593055557
2020,2,18,0.9629582433730193,0.921394702793706,4.540540527594593,9.335315315540544,222.82162162729725,11.822882882459464
2020,2,19,0.9465082324424824,0.9602045321778123,2.8972972792972977,8.176216216243242,167.20180180089187,11.251891892486487
2020,2,20,0.9838481833552295,1.0000194840375622,3.2378378687567575,7.695855855864866,46.43063062972973,8.268288288297297
2020,2,21,0.9595468644912841,0.9099403186149351,4.150000013815791,9.998771929763155,267.3590515492105,12.998596490947369
2020,2,22,0.9657861066552875,0.9676812054286406,5.7781249731875,10.44916666659375,84.56874999790625,11.161041666562499
2020,2,23,0.9940895779982567,0.9878672529148482,3.886842125315789,8.527894736921056,87.98596490744734,9.37842105263158
2020,2,24,1.0098182527281243,0.9207305750531419,2.0333333259999997,8.187083333375,151.56950697279484,11.145416666500001
2020,2,25,0.9856421422780607,0.969946578770823,4.588888913444444,8.731666666555554,155.89814814952774,10.229444444999997
2020,2,26,0.9787181389432823,0.97798231372842,1.6794871756923073,5.681880341923077,109.50256410692306,8.344615384589744
2020,2,27,0.9936249076985325,0.9621847523824215,0.9700000003000003,5.755333333325001,145.20999999775,9.140499999774999
2020,2,28,0.9618826870808632,0.9476254810668747,3.0274999886750003,8.353833333225001,251.90166666825,12.641500000225
2020,2,29,,,3.2249999702250003,,49.784889498225,
2020,3,1,,,5.4500000417750005,,163.422250148625,
2020,3,2,,,1.6243902299756097,,257.70025618743904,
2020,3,3,0.9192879556793027,0.9154082728333915,1.546428574,6.737575757636364,38.09021239528571,7.396363636272728
2020,3,4,,,2.5268292688780485,,232.9783017812194,
2020,3,5,0.9558401419561168,0.9285065754409264,1.6439024391463413,9.009756097243901,411.8764227602438,17.44617886173171
2020,3,6,1.0124054351009284,1.010251065190302,3.875609749658536,8.929918699170733,121.7658536587805,10.635772357804877
2020,3,7,0.9502780198379825,0.9352131167368126,1.2928571403333335,9.36396825404762,353.54444444571425,17.878730158690477
2020,3,8,0.9757287461953517,0.971826150812167,3.7255813937209306,11.351317829511627,154.15968992953484,13.484496124023257
2020,3,9,0.9744926756675967,0.971284045269356,1.537209300093023,11.254883720465118,100.1426356572093,13.270697674116281
2020,3,10,0.9868455313149681,0.9844300678241946,3.579069755860465,9.165116279023254,66.1488372066744,9.99302325588372
2020,3,11,0.9603824238067474,0.9190704618320902,4.021212122757576,11.095151514666666,447.74949494545467,16.354545454848488
2020,3,12,0.9608629349000279,0.9450455910799701,6.831034454827587,10.029655172620688,284.98160918655174,13.207126437103447
2020,3,13,0.9711337618163054,0.965040875281265,3.499999998651164,8.84356589139535,227.61860464541863,12.928062015441864
2020,3,14,0.9241997832291683,0.9058014658051448,2.013333318688889,7.710222222377778,546.4429629637779,18.87674074106666
2020,3,15,0.9839886362316479,0.9775695991063006,4.264444454555556,10.283851852200002,93.09925925860001,11.596296296022224
2020,3,16,0.9669295042442404,0.9556072575063653,2.4644444578222227,11.636148148666669,183.3792592592444,16.31777777711111
2020,3,17,0.9726952447322702,0.9601840363997206,2.9088888791555556,12.166222222,217.16148148599993,16.19007407422222
2020,3,18,0.9774206465143405,0.9740966086816949,3.388888880911112,12.397185185555557,55.568888889777774,13.256888888444445
2020,3,19,0.9434790499575371,0.9205572484707468,1.6888888922,11.541925925933336,544.155555552,24.669925925711116
2020,3,21,0.9240007114104914,0.8918826645853745,2.1170212791914897,9.00439716302128,578.0382978744681,21.126241134638295
2020,3,22,0.926350330334472,0.9211249612895012,2.653191472638298,7.248226950404254,475.03971632425555,17.986950355042552
2020,3,23,0.9445872414131518,0.9292386315260802,2.4787234042765953,7.643687943297874,555.9872340391489,18.100283688234043
2020,3,24,0.9461113940207945,0.9231933884813603,3.0085106454468087,8.998581560787235,526.4397163142553,17.683120566936168
2020,3,25,0.9344433962446316,0.9200533176524289,2.5416666678333333,10.312500000041668,564.3319444472916,20.288472222020832
2020,3,26,0.922608126743517,0.8915433233119511,2.0104166555416674,10.231944443374998,565.3902777722916,21.636111110999995
2020,3,27,0.9177684572299177,0.8921964730485176,1.3510638246808508,12.105390070659574,552.4326241063831,26.08198581517021
2020,3,28,,,0.9775510290816325,,249.96540861775506,
2020,3,29,0.9478795793596926,0.9089510948689772,4.179591835857144,6.675782312938773,582.6435374163265,16.802585034489795
2020,3,30,0.9484912901792533,0.9285233418841743,2.7469387699183674,9.359319727612245,505.6380952393876,18.987210884489798
2020,3,31,0.9279520222666756,0.9308623014457101,2.500000000687501,9.209027777645833,574.9486111092293,22.426249999666656
2020,4,1,0.984731558283784,0.9748716062520496,3.6939999938200003,10.36426666708,168.37733333854004,12.994666667059992
2020,4,2,0.9831571209751515,0.9850147437308732,4.7760000038,11.027733333519997,150.60666666894,13.263866666839997
2020,4,3,0.9412492722853488,0.9297942819705264,4.657999973260001,9.88253333356,525.4639999906,19.968933333580004
2020,4,4,0.9363644929899714,0.9320318158020824,2.51999999822,11.170133333460003,474.25733333659997,21.10986666622
2020,4,5,0.9470361397547918,0.9309786427142334,3.005882342647059,14.9556862744902,548.6339869282352,24.586274508882354
2020,4,6,0.9260879900247564,0.9212393892823686,2.611538476653846,14.984358974865387,556.8217948676922,26.21333333384615
2020,4,7,0.9268814972874105,0.9214782026613766,1.763461537096154,15.778846153846153,556.8871794867308,30.346794871730772
2020,4,8,0.9372203222308504,0.9161338206399541,2.6288461622307695,16.608974358980767,517.3025640994232,26.722179486846155
2020,4,9,0.9347171022253716,0.9376886795454789,1.0692307697307688,13.332435897115385,548.5500000005769,24.956282051346154
2020,4,10,0.936698647789725,0.9251958295456123,0.9999999982884614,11.762692307173078,512.1897435953846,25.884743589480767
2020,4,11,0.9782279599339072,0.9463930860023608,1.7037735733207544,12.299874213509435,297.95220125150934,20.40477987428302
2020,4,12,0.9312386066015874,0.9246872812538726,3.435185197296297,17.865679012592594,465.71111110912966,26.186419752962973
2020,4,13,0.9641959749248115,0.9463563968531472,1.6259259234444443,9.74740740712963,444.71851852037037,15.944320987092597
2020,4,14,0.9453344526168601,0.9387654643605623,2.2518518573148145,11.011234567537038,503.4901234346297,22.59308641975926
2020,4,15,0.9397259693173766,0.9327012724143865,3.8648148157222217,14.353456790129629,456.5703703716112,22.842345678888886
2020,4,16,0.9276902322210513,0.9214426074245691,1.7685185196851858,14.399382715925933,578.8716049259259,27.82728395055555
2020,4,17,0.9300141906003311,0.9116303056215029,1.3545454512727273,13.592969697018184,544.5842424192729,28.307151514981808
2020,4,18,0.9285461899347806,0.8907658231432539,2.018181820363636,13.202303030181817,506.5490909156363,26.619878787872725
2020,4,19,0.933584247298644,0.9129937111455625,1.3599999985999998,13.795999999945456,528.271515164909,28.688848484490897
2020,4,20,0.9301405051302869,0.9069657874355191,1.5892857249107142,16.404999999803575,555.7309523649463,30.777261904410697
2020,4,21,0.9292941194394532,0.9006630603974671,2.187499997875,17.008809523517854,554.5797619039287,32.03833333326785
2020,4,22,0.9216638218699589,0.8881494998603607,1.719642864267857,18.089880952321426,566.1904761695893,34.428452381125005
2020,4,23,0.9288195429175659,0.8970996831720502,0.8052631601228069,18.924795321526318,535.9730994192983,34.89964912298246
2020,4,24,0.9361879332261054,0.9068467284642352,1.505263158140351,15.619181287192982,499.7391812977721,30.87005847924562
2020,4,25,0.9272755101702258,0.8918009020365908,1.4438596446491232,14.896140351333333,544.6397660822806,29.000350876824548
2020,4,26,0.9378575361125748,0.9202980005100917,1.7228070174035093,13.152865497526317,357.75672514421046,22.642105262807025
2020,4,27,0.9778549968531872,0.9688869613817451,1.8637931090172415,15.16287356372414,219.22643678420687,20.548620689258616
2020,4,29,1.0111052434355063,1.0123176381579755,3.245762703745763,9.841016949440675,79.27005649649149,11.003276836135594
2020,4,30,0.9891283582339407,0.9763857128522839,3.9915254328474585,10.790395480169492,73.86440677791528,12.05604519774576
2020,5,1,0.9760692764644414,0.9655706469635201,1.0389830530677966,13.830960451745758,216.0576271197119,21.14734463261017
2020,5,2,0.9830362144572509,0.9452175150700259,1.2152542350847457,13.453898305254233,305.3062146884745,22.82079096010169
2020,5,3,0.9470902550154209,0.931612785517272,2.5474576334237287,15.142146892881355,489.9807909701695,27.421807909610177
2020,5,4,0.9431365470544041,0.934086679304588,1.619999994333333,13.65666666671667,516.6877777904998,25.858444444333337
2020,5,5,0.9530816703956443,0.9343807965750426,3.1733333209666674,13.065333332883329,338.82666666245,21.19088888928334
2020,5,6,0.9458951128320735,0.8970567758599232,3.3409835999180335,14.51060109311475,448.5322404393442,27.302622950590163
2020,5,7,0.9472725839261116,0.9175962340563781,2.1245901740983606,16.468415300655728,530.82841531,31.362185792622945
2020,5,8,0.9409879608217644,0.9139485047756066,2.696721311967214,17.109508195901636,465.81092896142655,29.456939890819676
2020,5,9,0.9473156295929401,0.9425479903518398,1.0049180281147538,18.13595628409836,448.63497267868837,32.34928961754098
2020,5,10,0.9496637362514693,0.9379915723974693,1.5114754140491804,18.312349726229503,336.30491803393454,26.322185792950823
2020,5,11,0.9444539789291401,0.9213427820810306,3.9918032738032787,11.451912568573773,568.1562841708196,22.95770491814754
2020,5,12,0.9818154388814085,0.9326687095413537,3.0322580707419355,11.421827956887096,364.32258064472586,19.681505376274195
2020,5,13,0.9396551021859221,0.9586706656519274,1.5984127010952383,12.497671958253969,532.8275132351271,27.540529100158732
2020,5,14,0.9340113670846676,0.9146086556196311,2.365079372666667,13.096084655984123,509.3502645443968,26.153227513698404
2020,5,15,0.9792831273780326,0.9425117932660309,3.2793650741111104,13.99735449730158,272.79153439,20.548465608412695
2020,5,16,,,4.044444439088889,,200.3502204566222,
2020,5,17,0.9997417560094988,0.9819057476098021,4.035714258089286,14.844999999285717,217.03452381112507,17.544404762089282
2020,5,18,0.9955498190133903,0.9872369509599309,1.3904761879841263,14.952910053174602,144.4751322784286,18.88021164015873
2020,5,19,0.9455698401669713,0.9481159409495424,2.1301587361269845,16.22370370444445,384.92698413063505,26.11386243380953
2020,5,20,0.9315585934858138,0.9268845129474753,0.8624999984375001,16.785208333593747,529.2239583353125,34.00354166640626
2020,5,21,0.9648962368773384,0.9204912966147863,1.4687499906718742,18.28260416671875,407.22916666562503,29.623229166875
2020,5,22,1.0053645414635126,0.9793686030045335,3.5707692293076927,18.14820512784615,332.5958974371846,25.831384615692297
2020,5,23,0.9634000186858926,0.940426750117271,2.3415384659076928,18.259179487384614,283.92307691943086,25.709743589999995
2020,5,24,,,3.133846168261539,,202.64521003546153,
2020,5,25,0.9403582612060819,0.9414472524327673,1.7784615291846153,17.509846154153834,351.6020512846154,27.64656410169231
2020,5,26,0.9548809383765953,0.919978000824791,0.4276923124923077,20.069128205076925,395.9671794903538,34.45200000015386
2020,5,27,0.9668186051821422,0.9432243779678109,1.3523076947076926,17.776820512769223,361.96102564241534,26.982564102307702
2020,5,28,0.92599594934549,0.9153922514802131,1.1338461536461537,19.13384615338461,521.6276923114309,35.24748718030767
2020,5,29,0.9292017861244396,0.9079756455862725,1.1363636354848485,19.045252525515146,450.9242424140909,35.314646464848494
2020,5,30,0.9556161701600014,0.9189098090118762,1.1560606026060603,20.136262626000008,364.95757576777305,31.375555555409097
2020,5,31,0.9286294385693159,0.9218229500686677,2.0196969702878786,21.94050505030303,506.8757575734851,35.37545454580303
2020,6,1,0.8953114372558315,0.890009253009233,1.1752525268484846,22.6880808080303,520.8262626228334,40.19373737363636
2020,6,2,0.8995069512052326,0.9004048975470471,0.9492537344029851,24.66676616955224,510.7383084623433,41.43412935343284
2020,6,3,0.9262988825829237,0.8988610231884374,2.4134328413880604,19.856616915373138,502.95422885711935,33.52995024880596
2020,6,4,0.9612336504875351,0.9423001137510936,4.103076939384615,19.439692308153848,372.8246153831693,26.241128205123086
2020,6,5,0.9261742417528052,0.9006811995753712,1.9492537384328368,17.62815920417911,328.9716423286865,27.15432835835821
2020,6,6,0.9407436514848857,0.9242955617593333,3.1074626997910446,15.853631840895522,349.09240614985083,23.335522388358218
2020,6,7,0.9533714776603862,0.9303359209520333,1.9582089453283584,19.129552239402987,330.2945273639851,28.002189054477622
2020,6,8,0.9202998061738579,0.9108230726811387,1.0402985077462688,19.79303482597015,450.8975124297462,34.79651741323881
2020,6,9,0.9166087578329432,0.911835704239404,1.0999999922835821,20.01601990044776,517.7184079631344,37.018109452686566
2020,6,10,0.9454883493276077,0.9224603503131226,1.8544117624117642,20.86009803926471,375.064705889353,31.82284313779412
2020,6,11,0.9388376208347443,0.9222519806977016,1.9529411731176471,22.794117647647052,295.0376700206176,29.541568627941174
2020,6,12,0.9505617545485139,0.9400870288921785,2.4558823432941175,21.885980391911765,156.55784313764698,25.37176470588236
2020,6,13,,,3.9044117436470582,,347.96191627788227,
2020,6,14,0.9128618872859066,0.8981542123009165,3.760294113558824,23.351862744852948,521.2362745068235,34.77656862764705
2020,6,15,0.8948588124325857,0.9030620067049675,1.3573529396323527,24.00607843161765,509.70882354019136,42.3738235292206
2020,6,16,0.9243892232116926,0.9026607126271414,0.8897058801764706,24.672745098676472,402.20392157460276,36.605
2020,6,17,0.9011147507866462,0.8985665239061336,1.3235294052205882,25.132254901911764,444.2421568650441,39.56705882367647
2020,6,18,0.9107641209683152,0.9003503168933822,1.48676470407353,25.43166666661765,463.16862745449987,38.81500000014705
2020,6,19,0.9497226460424757,0.9340768161610228,0.932352944367647,22.837745098088238,225.10686274573533,30.19421568647059
2020,6,20,0.9216357190099204,0.9220388100916318,1.5529411798970596,21.49450980426471,59.015686273470585,22.968431372647053
2020,6,21,0.9395903949978356,0.9393264571014062,0.9602941196176473,21.8512745092647,215.5676470586765,30.293627451323534
2020,6,22,0.9354031258421067,0.9219039797283326,1.4794117602647052,22.58254902000001,396.30490195686764,33.723627451029394
2020,6,23,0.9068637896289147,0.9083617841803711,1.3161764623088228,22.942843137058816,510.7382352889705,39.382254901470596
2020,6,24,,,0.880882354382353,,468.88316921470573,
2020,6,25,,,1.8102941083970587,,512.0792563114704,
2020,6,26,0.9067321704995678,0.8847628379992833,2.366176467588235,27.93019607867648,485.49705882250004,41.464509804117654
2020,6,27,0.9266129330630777,0.8977150777631994,2.2838235313676467,26.534215686617642,481.0245098067204,39.24578431382354
2020,6,28,1.0008248073231147,0.9615092543163006,1.1588235353088234,23.972745097794117,201.63921568754415,29.071764705147054
2020,6,29,0.9189599161392477,0.8794097821997167,2.3323529520735287,23.80941176470588,471.7205882357352,36.11460784338236
2020,6,30,0.9274049362456686,0.9272116145837432,2.988235300911765,20.150294117794118,246.42745097917657,25.256862744558827
